1     6.859754e-01 
2     3.865735e-01 
3     3.123308e-01 
4     2.611600e-01 
5     2.292947e-01 
6     2.057070e-01 
7     1.877537e-01 
8     1.733931e-01 
9     1.616015e-01 
10     1.516863e-01 
11     1.432007e-01 
12     1.358308e-01 
13     1.293524e-01 
14     1.235990e-01 
15     1.184450e-01 
16     1.137931e-01 
17     1.095668e-01 
18     1.057050e-01 
19     1.021580e-01 
20     9.888547e-02 
21     9.585363e-02 
22     9.303440e-02 
23     9.040404e-02 
24     8.794237e-02 
25     8.563211e-02 
26     8.345834e-02 
27     8.140814e-02 
28     7.947023e-02 
29     7.763473e-02 
30     7.589291e-02 
31     7.423709e-02 
32     7.266040e-02 
33     7.115674e-02 
34     6.972064e-02 
35     6.834719e-02 
36     6.703196e-02 
37     6.577095e-02 
38     6.456055e-02 
39     6.339744e-02 
40     6.227864e-02 
41     6.120139e-02 
42     6.016319e-02 
43     5.916174e-02 
44     5.819491e-02 
45     5.726076e-02 
46     5.635748e-02 
47     5.548342e-02 
48     5.463703e-02 
49     5.381688e-02 
50     5.302164e-02 
51     5.225008e-02 
52     5.150105e-02 
53     5.077346e-02 
54     5.006633e-02 
55     4.937870e-02 
56     4.870969e-02 
57     4.805849e-02 
58     4.742431e-02 
59     4.680642e-02 
60     4.620415e-02 
61     4.561684e-02 
62     4.504388e-02 
63     4.448471e-02 
64     4.393877e-02 
65     4.340556e-02 
66     4.288458e-02 
67     4.237538e-02 
68     4.187753e-02 
69     4.139059e-02 
70     4.091419e-02 
71     4.044795e-02 
72     3.999152e-02 
73     3.954455e-02 
74     3.910673e-02 
75     3.867774e-02 
76     3.825730e-02 
77     3.784512e-02 
78     3.744095e-02 
79     3.704452e-02 
80     3.665560e-02 
81     3.627394e-02 
82     3.589933e-02 
83     3.553156e-02 
84     3.517042e-02 
85     3.481571e-02 
86     3.446725e-02 
87     3.412486e-02 
88     3.378836e-02 
89     3.345760e-02 
90     3.313240e-02 
91     3.281263e-02 
92     3.249812e-02 
93     3.218874e-02 
94     3.188435e-02 
95     3.158483e-02 
96     3.129004e-02 
97     3.099987e-02 
98     3.071419e-02 
99     3.043289e-02 
100     3.015587e-02 
101     2.988302e-02 
102     2.961424e-02 
103     2.934943e-02 
104     2.908849e-02 
105     2.883133e-02 
106     2.857787e-02 
107     2.832802e-02 
108     2.808170e-02 
109     2.783882e-02 
110     2.759931e-02 
111     2.736310e-02 
112     2.713010e-02 
113     2.690026e-02 
114     2.667350e-02 
115     2.644976e-02 
116     2.622897e-02 
117     2.601107e-02 
118     2.579600e-02 
119     2.558370e-02 
120     2.537412e-02 
121     2.516720e-02 
122     2.496289e-02 
123     2.476113e-02 
124     2.456187e-02 
125     2.436507e-02 
126     2.417067e-02 
127     2.397864e-02 
128     2.378892e-02 
129     2.360148e-02 
130     2.341626e-02 
131     2.323324e-02 
132     2.305236e-02 
133     2.287358e-02 
134     2.269688e-02 
135     2.252221e-02 
136     2.234954e-02 
137     2.217882e-02 
138     2.201004e-02 
139     2.184314e-02 
140     2.167811e-02 
141     2.151490e-02 
142     2.135349e-02 
143     2.119385e-02 
144     2.103594e-02 
145     2.087974e-02 
146     2.072522e-02 
147     2.057235e-02 
148     2.042111e-02 
149     2.027146e-02 
150     2.012339e-02 
151     1.997686e-02 
152     1.983186e-02 
153     1.968836e-02 
154     1.954633e-02 
155     1.940575e-02 
156     1.926661e-02 
157     1.912887e-02 
158     1.899252e-02 
159     1.885753e-02 
160     1.872389e-02 
161     1.859158e-02 
162     1.846057e-02 
163     1.833085e-02 
164     1.820239e-02 
165     1.807519e-02 
166     1.794921e-02 
167     1.782445e-02 
168     1.770088e-02 
169     1.757850e-02 
170     1.745728e-02 
171     1.733720e-02 
172     1.721825e-02 
173     1.710042e-02 
174     1.698369e-02 
175     1.686804e-02 
176     1.675346e-02 
177     1.663994e-02 
178     1.652745e-02 
179     1.641600e-02 
180     1.630556e-02 
181     1.619611e-02 
182     1.608766e-02 
183     1.598018e-02 
184     1.587366e-02 
185     1.576809e-02 
186     1.566346e-02 
187     1.555975e-02 
188     1.545695e-02 
189     1.535506e-02 
190     1.525405e-02 
191     1.515393e-02 
192     1.505467e-02 
193     1.495627e-02 
194     1.485872e-02 
195     1.476200e-02 
196     1.466612e-02 
197     1.457104e-02 
198     1.447678e-02 
199     1.438331e-02 
200     1.429062e-02 
201     1.419872e-02 
202     1.410758e-02 
203     1.401721e-02 
204     1.392758e-02 
205     1.383870e-02 
206     1.375055e-02 
207     1.366312e-02 
208     1.357642e-02 
209     1.349042e-02 
210     1.340512e-02 
211     1.332051e-02 
212     1.323659e-02 
213     1.315334e-02 
214     1.307076e-02 
215     1.298885e-02 
216     1.290759e-02 
217     1.282698e-02 
218     1.274701e-02 
219     1.266767e-02 
220     1.258895e-02 
221     1.251086e-02 
222     1.243338e-02 
223     1.235651e-02 
224     1.228023e-02 
225     1.220455e-02 
226     1.212946e-02 
227     1.205494e-02 
228     1.198100e-02 
229     1.190763e-02 
230     1.183483e-02 
231     1.176258e-02 
232     1.169088e-02 
233     1.161972e-02 
234     1.154911e-02 
235     1.147903e-02 
236     1.140948e-02 
237     1.134045e-02 
238     1.127194e-02 
239     1.120394e-02 
240     1.113645e-02 
241     1.106946e-02 
242     1.100297e-02 
243     1.093698e-02 
244     1.087147e-02 
245     1.080644e-02 
246     1.074189e-02 
247     1.067782e-02 
248     1.061421e-02 
249     1.055107e-02 
250     1.048839e-02 
251     1.042616e-02 
252     1.036439e-02 
253     1.030306e-02 
254     1.024217e-02 
255     1.018172e-02 
256     1.012171e-02 
257     1.006212e-02 
258     1.000296e-02 
259     9.944223e-03 
260     9.885903e-03 
261     9.827997e-03 
262     9.770500e-03 
263     9.713410e-03 
264     9.656722e-03 
265     9.600432e-03 
266     9.544538e-03 
267     9.489035e-03 
268     9.433920e-03 
269     9.379189e-03 
270     9.324839e-03 
271     9.270866e-03 
272     9.217267e-03 
273     9.164038e-03 
274     9.111177e-03 
275     9.058679e-03 
276     9.006543e-03 
277     8.954763e-03 
278     8.903338e-03 
279     8.852264e-03 
280     8.801538e-03 
281     8.751157e-03 
282     8.701118e-03 
283     8.651418e-03 
284     8.602053e-03 
285     8.553022e-03 
286     8.504321e-03 
287     8.455947e-03 
288     8.407898e-03 
289     8.360170e-03 
290     8.312762e-03 
291     8.265669e-03 
292     8.218890e-03 
293     8.172422e-03 
294     8.126262e-03 
295     8.080408e-03 
296     8.034856e-03 
297     7.989605e-03 
298     7.944652e-03 
299     7.899994e-03 
300     7.855630e-03 
301     7.811556e-03 
302     7.767770e-03 
303     7.724269e-03 
304     7.681052e-03 
305     7.638116e-03 
306     7.595459e-03 
307     7.553078e-03 
308     7.510971e-03 
309     7.469137e-03 
310     7.427571e-03 
311     7.386274e-03 
312     7.345242e-03 
313     7.304473e-03 
314     7.263965e-03 
315     7.223716e-03 
316     7.183724e-03 
317     7.143986e-03 
318     7.104502e-03 
319     7.065268e-03 
320     7.026284e-03 
321     6.987546e-03 
322     6.949052e-03 
323     6.910802e-03 
324     6.872793e-03 
325     6.835023e-03 
326     6.797491e-03 
327     6.760193e-03 
328     6.723130e-03 
329     6.686298e-03 
330     6.649696e-03 
331     6.613322e-03 
332     6.577175e-03 
333     6.541252e-03 
334     6.505552e-03 
335     6.470074e-03 
336     6.434815e-03 
337     6.399774e-03 
338     6.364949e-03 
339     6.330339e-03 
340     6.295942e-03 
341     6.261756e-03 
342     6.227779e-03 
343     6.194011e-03 
344     6.160450e-03 
345     6.127093e-03 
346     6.093940e-03 
347     6.060989e-03 
348     6.028239e-03 
349     5.995687e-03 
350     5.963333e-03 
351     5.931175e-03 
352     5.899212e-03 
353     5.867442e-03 
354     5.835863e-03 
355     5.804475e-03 
356     5.773276e-03 
357     5.742264e-03 
358     5.711439e-03 
359     5.680798e-03 
360     5.650341e-03 
361     5.620066e-03 
362     5.589972e-03 
363     5.560057e-03 
364     5.530321e-03 
365     5.500761e-03 
366     5.471377e-03 
367     5.442168e-03 
368     5.413132e-03 
369     5.384267e-03 
370     5.355574e-03 
371     5.327050e-03 
372     5.298694e-03 
373     5.270505e-03 
374     5.242483e-03 
375     5.214624e-03 
376     5.186930e-03 
377     5.159398e-03 
378     5.132027e-03 
379     5.104817e-03 
380     5.077765e-03 
381     5.050872e-03 
382     5.024135e-03 
383     4.997554e-03 
384     4.971128e-03 
385     4.944855e-03 
386     4.918735e-03 
387     4.892766e-03 
388     4.866948e-03 
389     4.841279e-03 
390     4.815758e-03 
391     4.790385e-03 
392     4.765158e-03 
393     4.740077e-03 
394     4.715140e-03 
395     4.690346e-03 
396     4.665695e-03 
397     4.641185e-03 
398     4.616816e-03 
399     4.592586e-03 
400     4.568495e-03 
401     4.544542e-03 
402     4.520725e-03 
403     4.497044e-03 
404     4.473498e-03 
405     4.450086e-03 
406     4.426807e-03 
407     4.403660e-03 
408     4.380645e-03 
409     4.357760e-03 
410     4.335005e-03 
411     4.312379e-03 
412     4.289880e-03 
413     4.267509e-03 
414     4.245264e-03 
415     4.223144e-03 
416     4.201149e-03 
417     4.179277e-03 
418     4.157529e-03 
419     4.135902e-03 
420     4.114397e-03 
421     4.093013e-03 
422     4.071749e-03 
423     4.050603e-03 
424     4.029576e-03 
425     4.008666e-03 
426     3.987873e-03 
427     3.967195e-03 
428     3.946633e-03 
429     3.926186e-03 
430     3.905852e-03 
431     3.885631e-03 
432     3.865523e-03 
433     3.845526e-03 
434     3.825640e-03 
435     3.805864e-03 
436     3.786198e-03 
437     3.766640e-03 
438     3.747191e-03 
439     3.727848e-03 
440     3.708613e-03 
441     3.689484e-03 
442     3.670459e-03 
443     3.651540e-03 
444     3.632725e-03 
445     3.614013e-03 
446     3.595404e-03 
447     3.576897e-03 
448     3.558491e-03 
449     3.540187e-03 
450     3.521982e-03 
451     3.503877e-03 
452     3.485871e-03 
453     3.467964e-03 
454     3.450154e-03 
455     3.432441e-03 
456     3.414825e-03 
457     3.397305e-03 
458     3.379880e-03 
459     3.362550e-03 
460     3.345314e-03 
461     3.328171e-03 
462     3.311122e-03 
463     3.294165e-03 
464     3.277300e-03 
465     3.260527e-03 
466     3.243844e-03 
467     3.227252e-03 
468     3.210749e-03 
469     3.194335e-03 
470     3.178010e-03 
471     3.161773e-03 
472     3.145623e-03 
473     3.129561e-03 
474     3.113585e-03 
475     3.097695e-03 
476     3.081890e-03 
477     3.066171e-03 
478     3.050535e-03 
479     3.034984e-03 
480     3.019516e-03 
481     3.004131e-03 
482     2.988828e-03 
483     2.973608e-03 
484     2.958468e-03 
485     2.943410e-03 
486     2.928432e-03 
487     2.913534e-03 
488     2.898716e-03 
489     2.883977e-03 
490     2.869316e-03 
491     2.854734e-03 
492     2.840229e-03 
493     2.825801e-03 
494     2.811450e-03 
495     2.797175e-03 
496     2.782977e-03 
497     2.768853e-03 
498     2.754805e-03 
499     2.740831e-03 
500     2.726931e-03 
501     2.713105e-03 
502     2.699352e-03 
503     2.685672e-03 
504     2.672064e-03 
505     2.658528e-03 
506     2.645064e-03 
507     2.631671e-03 
508     2.618348e-03 
509     2.605096e-03 
510     2.591914e-03 
511     2.578801e-03 
512     2.565757e-03 
513     2.552782e-03 
514     2.539875e-03 
515     2.527037e-03 
516     2.514265e-03 
517     2.501561e-03 
518     2.488924e-03 
519     2.476353e-03 
520     2.463848e-03 
521     2.451408e-03 
522     2.439034e-03 
523     2.426724e-03 
524     2.414480e-03 
525     2.402299e-03 
526     2.390182e-03 
527     2.378128e-03 
528     2.366137e-03 
529     2.354209e-03 
530     2.342344e-03 
531     2.330540e-03 
532     2.318798e-03 
533     2.307117e-03 
534     2.295497e-03 
535     2.283938e-03 
536     2.272439e-03 
537     2.261000e-03 
538     2.249620e-03 
539     2.238300e-03 
540     2.227038e-03 
541     2.215835e-03 
542     2.204690e-03 
543     2.193604e-03 
544     2.182574e-03 
545     2.171602e-03 
546     2.160687e-03 
547     2.149829e-03 
548     2.139027e-03 
549     2.128281e-03 
550     2.117590e-03 
551     2.106955e-03 
552     2.096375e-03 
553     2.085850e-03 
554     2.075379e-03 
555     2.064963e-03 
556     2.054600e-03 
557     2.044291e-03 
558     2.034035e-03 
559     2.023832e-03 
560     2.013681e-03 
561     2.003583e-03 
562     1.993537e-03 
563     1.983543e-03 
564     1.973601e-03 
565     1.963710e-03 
566     1.953869e-03 
567     1.944080e-03 
568     1.934340e-03 
569     1.924651e-03 
570     1.915012e-03 
571     1.905422e-03 
572     1.895882e-03 
573     1.886390e-03 
574     1.876948e-03 
575     1.867554e-03 
576     1.858208e-03 
577     1.848910e-03 
578     1.839660e-03 
579     1.830457e-03 
580     1.821301e-03 
581     1.812193e-03 
582     1.803131e-03 
583     1.794115e-03 
584     1.785146e-03 
585     1.776222e-03 
586     1.767345e-03 
587     1.758512e-03 
588     1.749725e-03 
589     1.740983e-03 
590     1.732285e-03 
591     1.723632e-03 
592     1.715024e-03 
593     1.706459e-03 
594     1.697938e-03 
595     1.689460e-03 
596     1.681026e-03 
597     1.672634e-03 
598     1.664286e-03 
599     1.655980e-03 
600     1.647716e-03 
601     1.639495e-03 
602     1.631315e-03 
603     1.623177e-03 
604     1.615081e-03 
605     1.607026e-03 
606     1.599012e-03 
607     1.591038e-03 
608     1.583105e-03 
609     1.575213e-03 
610     1.567360e-03 
611     1.559548e-03 
612     1.551775e-03 
613     1.544042e-03 
614     1.536348e-03 
615     1.528693e-03 
616     1.521077e-03 
617     1.513500e-03 
618     1.505961e-03 
619     1.498460e-03 
620     1.490998e-03 
621     1.483573e-03 
622     1.476186e-03 
623     1.468836e-03 
624     1.461524e-03 
625     1.454249e-03 
626     1.447010e-03 
627     1.439808e-03 
628     1.432643e-03 
629     1.425514e-03 
630     1.418421e-03 
631     1.411364e-03 
632     1.404343e-03 
633     1.397357e-03 
634     1.390406e-03 
635     1.383491e-03 
636     1.376611e-03 
637     1.369765e-03 
638     1.362954e-03 
639     1.356177e-03 
640     1.349435e-03 
641     1.342727e-03 
642     1.336052e-03 
643     1.329411e-03 
644     1.322804e-03 
645     1.316230e-03 
646     1.309689e-03 
647     1.303182e-03 
648     1.296707e-03 
649     1.290264e-03 
650     1.283855e-03 
651     1.277477e-03 
652     1.271132e-03 
653     1.264818e-03 
654     1.258537e-03 
655     1.252287e-03 
656     1.246068e-03 
657     1.239881e-03 
658     1.233725e-03 
659     1.227600e-03 
660     1.221506e-03 
661     1.215443e-03 
662     1.209410e-03 
663     1.203407e-03 
664     1.197434e-03 
665     1.191492e-03 
666     1.185579e-03 
667     1.179696e-03 
668     1.173843e-03 
669     1.168019e-03 
670     1.162225e-03 
671     1.156459e-03 
672     1.150723e-03 
673     1.145015e-03 
674     1.139336e-03 
675     1.133685e-03 
676     1.128063e-03 
677     1.122469e-03 
678     1.116903e-03 
679     1.111365e-03 
680     1.105855e-03 
681     1.100372e-03 
682     1.094917e-03 
683     1.089490e-03 
684     1.084089e-03 
685     1.078716e-03 
686     1.073369e-03 
687     1.068049e-03 
688     1.062756e-03 
689     1.057490e-03 
690     1.052250e-03 
691     1.047036e-03 
692     1.041848e-03 
693     1.036686e-03 
694     1.031550e-03 
695     1.026440e-03 
696     1.021355e-03 
697     1.016296e-03 
698     1.011262e-03 
699     1.006253e-03 
700     1.001270e-03 
701     9.963108e-04 
702     9.913769e-04 
703     9.864676e-04 
704     9.815829e-04 
705     9.767226e-04 
706     9.718866e-04 
707     9.670747e-04 
708     9.622869e-04 
709     9.575231e-04 
710     9.527830e-04 
711     9.480666e-04 
712     9.433738e-04 
713     9.387045e-04 
714     9.340584e-04 
715     9.294355e-04 
716     9.248358e-04 
717     9.202590e-04 
718     9.157050e-04 
719     9.111738e-04 
720     9.066652e-04 
721     9.021790e-04 
722     8.977153e-04 
723     8.932739e-04 
724     8.888546e-04 
725     8.844573e-04 
726     8.800820e-04 
727     8.757285e-04 
728     8.713967e-04 
729     8.670865e-04 
730     8.627978e-04 
731     8.585305e-04 
732     8.542844e-04 
733     8.500596e-04 
734     8.458557e-04 
735     8.416728e-04 
736     8.375108e-04 
737     8.333695e-04 
738     8.292488e-04 
739     8.251487e-04 
740     8.210690e-04 
741     8.170096e-04 
742     8.129704e-04 
743     8.089513e-04 
744     8.049522e-04 
745     8.009731e-04 
746     7.970137e-04 
747     7.930741e-04 
748     7.891541e-04 
749     7.852535e-04 
750     7.813724e-04 
751     7.775106e-04 
752     7.736681e-04 
753     7.698446e-04 
754     7.660401e-04 
755     7.622546e-04 
756     7.584879e-04 
757     7.547400e-04 
758     7.510107e-04 
759     7.472999e-04 
760     7.436076e-04 
761     7.399336e-04 
762     7.362779e-04 
763     7.326404e-04 
764     7.290209e-04 
765     7.254195e-04 
766     7.218359e-04 
767     7.182701e-04 
768     7.147221e-04 
769     7.111917e-04 
770     7.076789e-04 
771     7.041834e-04 
772     7.007054e-04 
773     6.972446e-04 
774     6.938010e-04 
775     6.903746e-04 
776     6.869651e-04 
777     6.835726e-04 
778     6.801969e-04 
779     6.768380e-04 
780     6.734957e-04 
781     6.701701e-04 
782     6.668609e-04 
783     6.635682e-04 
784     6.602918e-04 
785     6.570317e-04 
786     6.537878e-04 
787     6.505600e-04 
788     6.473481e-04 
789     6.441522e-04 
790     6.409722e-04 
791     6.378080e-04 
792     6.346594e-04 
793     6.315265e-04 
794     6.284091e-04 
795     6.253072e-04 
796     6.222206e-04 
797     6.191494e-04 
798     6.160934e-04 
799     6.130525e-04 
800     6.100267e-04 
801     6.070160e-04 
802     6.040201e-04 
803     6.010391e-04 
804     5.980729e-04 
805     5.951214e-04 
806     5.921845e-04 
807     5.892622e-04 
808     5.863544e-04 
809     5.834609e-04 
810     5.805818e-04 
811     5.777170e-04 
812     5.748664e-04 
813     5.720299e-04 
814     5.692074e-04 
815     5.663990e-04 
816     5.636044e-04 
817     5.608237e-04 
818     5.580568e-04 
819     5.553035e-04 
820     5.525639e-04 
821     5.498379e-04 
822     5.471254e-04 
823     5.444263e-04 
824     5.417406e-04 
825     5.390682e-04 
826     5.364090e-04 
827     5.337630e-04 
828     5.311300e-04 
829     5.285101e-04 
830     5.259032e-04 
831     5.233092e-04 
832     5.207280e-04 
833     5.181596e-04 
834     5.156040e-04 
835     5.130609e-04 
836     5.105305e-04 
837     5.080126e-04 
838     5.055071e-04 
839     5.030140e-04 
840     5.005333e-04 
841     4.980649e-04 
842     4.956086e-04 
843     4.931646e-04 
844     4.907326e-04 
845     4.883126e-04 
846     4.859046e-04 
847     4.835085e-04 
848     4.811243e-04 
849     4.787519e-04 
850     4.763912e-04 
851     4.740422e-04 
852     4.717048e-04 
853     4.693790e-04 
854     4.670646e-04 
855     4.647617e-04 
856     4.624702e-04 
857     4.601901e-04 
858     4.579212e-04 
859     4.556635e-04 
860     4.534170e-04 
861     4.511816e-04 
862     4.489572e-04 
863     4.467439e-04 
864     4.445415e-04 
865     4.423499e-04 
866     4.401692e-04 
867     4.379993e-04 
868     4.358401e-04 
869     4.336916e-04 
870     4.315537e-04 
871     4.294264e-04 
872     4.273096e-04 
873     4.252033e-04 
874     4.231073e-04 
875     4.210217e-04 
876     4.189465e-04 
877     4.168814e-04 
878     4.148266e-04 
879     4.127820e-04 
880     4.107474e-04 
881     4.087229e-04 
882     4.067084e-04 
883     4.047038e-04 
884     4.027092e-04 
885     4.007244e-04 
886     3.987494e-04 
887     3.967842e-04 
888     3.948286e-04 
889     3.928828e-04 
890     3.909465e-04 
891     3.890198e-04 
892     3.871027e-04 
893     3.851950e-04 
894     3.832967e-04 
895     3.814078e-04 
896     3.795282e-04 
897     3.776579e-04 
898     3.757969e-04 
899     3.739450e-04 
900     3.721023e-04 
901     3.702686e-04 
902     3.684441e-04 
903     3.666285e-04 
904     3.648219e-04 
905     3.630243e-04 
906     3.612355e-04 
907     3.594555e-04 
908     3.576843e-04 
909     3.559219e-04 
910     3.541682e-04 
911     3.524231e-04 
912     3.506866e-04 
913     3.489587e-04 
914     3.472394e-04 
915     3.455285e-04 
916     3.438261e-04 
917     3.421321e-04 
918     3.404464e-04 
919     3.387691e-04 
920     3.371000e-04 
921     3.354392e-04 
922     3.337866e-04 
923     3.321421e-04 
924     3.305057e-04 
925     3.288775e-04 
926     3.272572e-04 
927     3.256450e-04 
928     3.240407e-04 
929     3.224443e-04 
930     3.208558e-04 
931     3.192752e-04 
932     3.177023e-04 
933     3.161372e-04 
934     3.145798e-04 
935     3.130301e-04 
936     3.114881e-04 
937     3.099537e-04 
938     3.084268e-04 
939     3.069075e-04 
940     3.053956e-04 
941     3.038913e-04 
942     3.023943e-04 
943     3.009047e-04 
944     2.994225e-04 
945     2.979476e-04 
946     2.964800e-04 
947     2.950196e-04 
948     2.935664e-04 
949     2.921204e-04 
950     2.906815e-04 
951     2.892497e-04 
952     2.878250e-04 
953     2.864073e-04 
954     2.849966e-04 
955     2.835928e-04 
956     2.821960e-04 
957     2.808061e-04 
958     2.794230e-04 
959     2.780467e-04 
960     2.766772e-04 
961     2.753145e-04 
962     2.739585e-04 
963     2.726092e-04 
964     2.712666e-04 
965     2.699305e-04 
966     2.686011e-04 
967     2.672782e-04 
968     2.659618e-04 
969     2.646519e-04 
970     2.633485e-04 
971     2.620515e-04 
972     2.607609e-04 
973     2.594767e-04 
974     2.581988e-04 
975     2.569272e-04 
976     2.556619e-04 
977     2.544028e-04 
978     2.531499e-04 
979     2.519032e-04 
980     2.506626e-04 
981     2.494282e-04 
982     2.481998e-04 
983     2.469775e-04 
984     2.457613e-04 
985     2.445510e-04 
986     2.433467e-04 
987     2.421483e-04 
988     2.409558e-04 
989     2.397692e-04 
990     2.385885e-04 
991     2.374136e-04 
992     2.362445e-04 
993     2.350811e-04 
994     2.339235e-04 
995     2.327715e-04 
996     2.316253e-04 
997     2.304847e-04 
998     2.293497e-04 
999     2.282204e-04 
1000     2.270966e-04 
1001     2.259783e-04 
1002     2.248655e-04 
1003     2.237582e-04 
1004     2.226564e-04 
1005     2.215600e-04 
1006     2.204691e-04 
1007     2.193834e-04 
1008     2.183032e-04 
1009     2.172283e-04 
1010     2.161586e-04 
1011     2.150943e-04 
1012     2.140351e-04 
1013     2.129812e-04 
1014     2.119325e-04 
1015     2.108890e-04 
1016     2.098506e-04 
1017     2.088173e-04 
1018     2.077892e-04 
1019     2.067660e-04 
1020     2.057480e-04 
1021     2.047349e-04 
1022     2.037268e-04 
1023     2.027237e-04 
1024     2.017256e-04 
1025     2.007323e-04 
1026     1.997440e-04 
1027     1.987605e-04 
1028     1.977819e-04 
1029     1.968081e-04 
1030     1.958391e-04 
1031     1.948749e-04 
1032     1.939154e-04 
1033     1.929606e-04 
1034     1.920106e-04 
1035     1.910652e-04 
1036     1.901245e-04 
1037     1.891884e-04 
1038     1.882569e-04 
1039     1.873301e-04 
1040     1.864078e-04 
1041     1.854900e-04 
1042     1.845768e-04 
1043     1.836680e-04 
1044     1.827638e-04 
1045     1.818639e-04 
1046     1.809686e-04 
1047     1.800776e-04 
1048     1.791910e-04 
1049     1.783088e-04 
1050     1.774310e-04 
1051     1.765574e-04 
1052     1.756882e-04 
1053     1.748232e-04 
1054     1.739625e-04 
1055     1.731061e-04 
1056     1.722538e-04 
1057     1.714058e-04 
1058     1.705620e-04 
1059     1.697223e-04 
1060     1.688867e-04 
1061     1.680552e-04 
1062     1.672279e-04 
1063     1.664046e-04 
1064     1.655854e-04 
1065     1.647702e-04 
1066     1.639590e-04 
1067     1.631519e-04 
1068     1.623487e-04 
1069     1.615494e-04 
1070     1.607541e-04 
1071     1.599627e-04 
1072     1.591753e-04 
1073     1.583916e-04 
1074     1.576119e-04 
1075     1.568360e-04 
1076     1.560639e-04 
1077     1.552956e-04 
1078     1.545311e-04 
1079     1.537704e-04 
1080     1.530134e-04 
1081     1.522601e-04 
1082     1.515106e-04 
1083     1.507647e-04 
1084     1.500225e-04 
1085     1.492840e-04 
1086     1.485491e-04 
1087     1.478178e-04 
1088     1.470902e-04 
1089     1.463661e-04 
1090     1.456456e-04 
1091     1.449286e-04 
1092     1.442151e-04 
1093     1.435052e-04 
1094     1.427988e-04 
1095     1.420958e-04 
1096     1.413963e-04 
1097     1.407003e-04 
1098     1.400077e-04 
1099     1.393185e-04 
1100     1.386327e-04 
1101     1.379502e-04 
1102     1.372711e-04 
1103     1.365954e-04 
1104     1.359230e-04 
1105     1.352539e-04 
1106     1.345881e-04 
1107     1.339256e-04 
1108     1.332664e-04 
1109     1.326103e-04 
1110     1.319576e-04 
1111     1.313080e-04 
1112     1.306616e-04 
1113     1.300185e-04 
1114     1.293785e-04 
1115     1.287416e-04 
1116     1.281079e-04 
1117     1.274773e-04 
1118     1.268498e-04 
1119     1.262253e-04 
1120     1.256040e-04 
1121     1.249857e-04 
1122     1.243705e-04 
1123     1.237583e-04 
1124     1.231491e-04 
1125     1.225429e-04 
1126     1.219397e-04 
1127     1.213395e-04 
1128     1.207422e-04 
1129     1.201479e-04 
1130     1.195565e-04 
1131     1.189680e-04 
1132     1.183824e-04 
1133     1.177997e-04 
1134     1.172198e-04 
1135     1.166428e-04 
1136     1.160687e-04 
1137     1.154974e-04 
1138     1.149288e-04 
1139     1.143631e-04 
1140     1.138002e-04 
1141     1.132401e-04 
1142     1.126827e-04 
1143     1.121280e-04 
1144     1.115761e-04 
1145     1.110269e-04 
1146     1.104804e-04 
1147     1.099366e-04 
1148     1.093955e-04 
1149     1.088570e-04 
1150     1.083212e-04 
1151     1.077880e-04 
1152     1.072575e-04 
1153     1.067295e-04 
1154     1.062042e-04 
1155     1.056814e-04 
1156     1.051612e-04 
1157     1.046436e-04 
1158     1.041286e-04 
1159     1.036160e-04 
1160     1.031060e-04 
1161     1.025985e-04 
1162     1.020935e-04 
1163     1.015910e-04 
1164     1.010910e-04 
1165     1.005934e-04 
1166     1.000982e-04 
1167     9.960556e-05 
